V (V)	I (A)
4.001E-4	1.070E-5
3.545E-3	6.028E-5
3.548E-3	6.066E-5
4.146E-3	7.133E-5
7.987E-3	1.337E-4
8.926E-3	1.501E-4
1.029E-2	1.690E-4
1.033E-2	1.687E-4
1.543E-2	2.520E-4
1.845E-2	2.977E-4
1.896E-2	3.100E-4
2.150E-2	3.500E-4
3.929E-2	6.356E-4
4.073E-2	6.549E-4
4.387E-2	7.070E-4
4.565E-2	7.325E-4
4.603E-2	7.370E-4
4.730E-2	7.580E-4
4.954E-2	7.960E-4
5.028E-2	8.050E-4
5.136E-2	8.276E-4
5.256E-2	8.429E-4
5.281E-2	8.468E-4
5.417E-2	8.702E-4
5.724E-2	9.159E-4
5.779E-2	9.260E-4
5.827E-2	9.345E-4
5.959E-2	9.557E-4
6.190E-2	9.923E-4
6.458E-2	1.035E-3
6.603E-2	1.055E-3
6.790E-2	1.086E-3
6.837E-2	1.094E-3
7.030E-2	1.123E-3
7.228E-2	1.157E-3
7.284E-2	1.164E-3
7.544E-2	1.207E-3
7.601E-2	1.215E-3
8.738E-2	1.451E-3
9.299E-2	1.490E-3
9.408E-2	1.502E-3
9.408E-2	1.502E-3
9.598E-2	1.533E-3
9.597E-2	1.532E-3
9.597E-2	1.533E-3
9.696E-2	1.553E-3
9.787E-2	1.562E-3
9.905E-2	1.581E-3
9.905E-2	1.582E-3
1.012E-1	1.619E-3
1.025E-1	1.639E-3
1.028E-1	1.641E-3
1.047E-1	1.672E-3
1.055E-1	1.689E-3
1.073E-1	1.711E-3
1.075E-1	1.718E-3
1.087E-1	1.737E-3
1.090E-1	1.741E-3
1.109E-1	1.769E-3
1.109E-1	1.769E-3
1.128E-1	1.800E-3
1.131E-1	1.808E-3
1.140E-1	1.820E-3
1.144E-1	1.828E-3
1.147E-1	1.830E-3
1.147E-1	1.830E-3
1.150E-1	1.838E-3
1.166E-1	1.863E-3
1.176E-1	1.879E-3
1.178E-1	1.883E-3
1.191E-1	1.902E-3
1.196E-1	1.909E-3
1.201E-1	1.921E-3
1.209E-1	1.929E-3
1.222E-1	1.952E-3
1.241E-1	1.979E-3
1.244E-1	1.986E-3
1.247E-1	1.992E-3
1.261E-1	2.015E-3
1.274E-1	2.033E-3
1.278E-1	2.039E-3
1.296E-1	2.066E-3
1.315E-1	2.099E-3
1.321E-1	2.107E-3
1.340E-1	2.138E-3
1.343E-1	2.143E-3
1.354E-1	2.164E-3
1.359E-1	2.169E-3
1.372E-1	2.189E-3
1.378E-1	2.197E-3
1.390E-1	2.217E-3
1.396E-1	2.227E-3
1.396E-1	2.227E-3
1.396E-1	2.227E-3
1.402E-1	2.239E-3
1.417E-1	2.263E-3
1.422E-1	2.269E-3
1.429E-1	2.281E-3
1.442E-1	2.301E-3
1.447E-1	2.308E-3
1.452E-1	2.322E-3
1.460E-1	2.327E-3
1.473E-1	2.352E-3
1.479E-1	2.358E-3
1.478E-1	2.358E-3
1.485E-1	2.373E-3
1.489E-1	2.376E-3
1.497E-1	2.390E-3
1.524E-1	2.432E-3
1.527E-1	2.436E-3
1.539E-1	2.457E-3
1.546E-1	2.466E-3
1.546E-1	2.466E-3
1.723E-1	2.750E-3
1.727E-1	2.755E-3
1.739E-1	2.773E-3
1.740E-1	2.773E-3
1.743E-1	2.781E-3
1.746E-1	2.785E-3
1.759E-1	2.802E-3
1.760E-1	2.806E-3
1.771E-1	2.827E-3
1.777E-1	2.833E-3
1.777E-1	2.833E-3
1.792E-1	2.855E-3
1.801E-1	2.872E-3
1.815E-1	2.892E-3
1.816E-1	2.898E-3
1.830E-1	2.919E-3
1.840E-1	2.932E-3
1.843E-1	2.939E-3
1.846E-1	2.942E-3
1.846E-1	2.942E-3
1.879E-1	3.044E-3
2.008E-1	3.199E-3
2.011E-1	3.205E-3
2.023E-1	3.225E-3
2.027E-1	3.229E-3
2.031E-1	3.237E-3
2.046E-1	3.258E-3
2.056E-1	3.280E-3
2.065E-1	3.289E-3
2.088E-1	3.326E-3
2.096E-1	3.344E-3
2.107E-1	3.356E-3
2.107E-1	3.356E-3
2.111E-1	3.365E-3
2.126E-1	3.386E-3
2.130E-1	3.394E-3
2.139E-1	3.407E-3
2.155E-1	3.436E-3
2.158E-1	3.438E-3
2.167E-1	3.453E-3
2.180E-1	3.472E-3
2.183E-1	3.475E-3
2.183E-1	3.475E-3
2.183E-1	3.476E-3
2.189E-1	3.486E-3
2.197E-1	3.503E-3
2.209E-1	3.522E-3
2.227E-1	3.546E-3
2.227E-1	3.546E-3
2.228E-1	3.550E-3
2.252E-1	3.586E-3
2.259E-1	3.597E-3
2.271E-1	3.617E-3
2.271E-1	3.616E-3
2.271E-1	3.617E-3
2.278E-1	3.626E-3
2.283E-1	3.639E-3
2.289E-1	3.644E-3
2.301E-1	3.664E-3
2.302E-1	3.664E-3
2.301E-1	3.665E-3
2.308E-1	3.674E-3
2.320E-1	3.694E-3
2.326E-1	3.704E-3
2.326E-1	3.704E-3
2.327E-1	3.704E-3
2.326E-1	3.704E-3
2.338E-1	3.725E-3
2.339E-1	3.724E-3
2.352E-1	3.745E-3
2.358E-1	3.754E-3
2.360E-1	3.763E-3
2.371E-1	3.775E-3
2.377E-1	3.784E-3
2.381E-1	3.791E-3
2.394E-1	3.815E-3
2.402E-1	3.824E-3
2.402E-1	3.824E-3
2.412E-1	3.840E-3
2.421E-1	3.853E-3
2.427E-1	3.864E-3
2.430E-1	3.871E-3
2.440E-1	3.883E-3
2.440E-1	3.883E-3
2.452E-1	3.903E-3
2.454E-1	3.906E-3
2.465E-1	3.927E-3
2.471E-1	3.933E-3
2.471E-1	3.935E-3
2.496E-1	3.975E-3
2.501E-1	3.980E-3
2.503E-1	3.985E-3
2.513E-1	4.001E-3
2.520E-1	4.011E-3
2.525E-1	4.022E-3
2.539E-1	4.041E-3
2.541E-1	4.048E-3
2.552E-1	4.061E-3
2.555E-1	4.067E-3
2.558E-1	4.074E-3
2.571E-1	4.090E-3
2.574E-1	4.097E-3
2.584E-1	4.116E-3
2.602E-1	4.143E-3
2.615E-1	4.164E-3
2.621E-1	4.169E-3
2.621E-1	4.173E-3
2.644E-1	4.209E-3
2.658E-1	4.229E-3
2.669E-1	4.250E-3
2.671E-1	4.250E-3
2.673E-1	4.254E-3
2.682E-1	4.270E-3
2.689E-1	4.277E-3
2.698E-1	4.294E-3
2.707E-1	4.311E-3
2.720E-1	4.328E-3
2.722E-1	4.330E-3
2.726E-1	4.338E-3
2.726E-1	4.338E-3
2.740E-1	4.362E-3
2.752E-1	4.379E-3
2.754E-1	4.383E-3
2.767E-1	4.406E-3
2.776E-1	4.418E-3
2.779E-1	4.425E-3
2.789E-1	4.436E-3
2.894E-1	4.634E-3
2.959E-1	4.709E-3
2.972E-1	4.729E-3
2.977E-1	4.734E-3
2.977E-1	4.734E-3
3.144E-1	5.001E-3
3.147E-1	5.007E-3
3.175E-1	5.054E-3
3.190E-1	5.074E-3
3.194E-1	5.080E-3
3.194E-1	5.082E-3
3.207E-1	5.100E-3
3.210E-1	5.108E-3
3.220E-1	5.120E-3
3.220E-1	5.121E-3
3.220E-1	5.121E-3
3.229E-1	5.139E-3
3.239E-1	5.151E-3
3.253E-1	5.178E-3
3.258E-1	5.183E-3
3.271E-1	5.204E-3
3.277E-1	5.210E-3
3.281E-1	5.220E-3
3.305E-1	5.258E-3
3.306E-1	5.258E-3
3.319E-1	5.278E-3
3.323E-1	5.286E-3
3.326E-1	5.317E-3
3.487E-1	5.546E-3
3.489E-1	5.548E-3
3.494E-1	5.556E-3
3.511E-1	5.586E-3
3.525E-1	5.607E-3
3.545E-1	5.636E-3
3.558E-1	5.660E-3
3.576E-1	5.686E-3
3.592E-1	5.715E-3
3.613E-1	5.745E-3
3.617E-1	5.754E-3
3.633E-1	5.780E-3
3.646E-1	5.802E-3
3.659E-1	5.820E-3
3.670E-1	5.839E-3
3.693E-1	5.874E-3
3.698E-1	5.882E-3
3.709E-1	5.900E-3
3.720E-1	5.920E-3
3.735E-1	5.943E-3
3.738E-1	5.945E-3
3.746E-1	5.960E-3
3.759E-1	5.978E-3
3.763E-1	5.984E-3
3.773E-1	6.006E-3
3.796E-1	6.078E-3
3.947E-1	6.279E-3
3.957E-1	6.291E-3
4.112E-1	6.538E-3
4.112E-1	6.539E-3
4.114E-1	6.546E-3
4.127E-1	6.561E-3
4.139E-1	6.585E-3
4.154E-1	6.610E-3
4.163E-1	6.620E-3
4.163E-1	6.619E-3
4.173E-1	6.639E-3
4.181E-1	6.651E-3
4.196E-1	6.673E-3
4.206E-1	6.688E-3
4.309E-1	6.885E-3
4.364E-1	6.941E-3
4.375E-1	6.956E-3
4.378E-1	6.962E-3
4.394E-1	6.989E-3
4.407E-1	7.007E-3
4.412E-1	7.016E-3
4.412E-1	7.016E-3
4.426E-1	7.039E-3
4.438E-1	7.060E-3
4.444E-1	7.065E-3
4.445E-1	7.072E-3
4.473E-1	7.116E-3
4.481E-1	7.129E-3
4.492E-1	7.144E-3
4.492E-1	7.144E-3
4.510E-1	7.172E-3
4.511E-1	7.174E-3
4.516E-1	7.184E-3
4.527E-1	7.199E-3
4.530E-1	7.204E-3
4.541E-1	7.224E-3
4.543E-1	7.224E-3
4.594E-1	7.333E-3
4.699E-1	7.472E-3
4.699E-1	7.471E-3
4.701E-1	7.478E-3
4.711E-1	7.491E-3
4.711E-1	7.491E-3
4.730E-1	7.522E-3
4.730E-1	7.522E-3
4.743E-1	7.541E-3
4.764E-1	7.580E-3
4.774E-1	7.592E-3
4.775E-1	7.590E-3
4.778E-1	7.596E-3
4.791E-1	7.619E-3
4.795E-1	7.623E-3
4.804E-1	7.642E-3
4.812E-1	7.649E-3
4.825E-1	7.673E-3
4.830E-1	7.681E-3
4.837E-1	7.694E-3
4.843E-1	7.701E-3
4.843E-1	7.702E-3
4.854E-1	7.722E-3
4.892E-1	7.779E-3
4.902E-1	7.792E-3
4.935E-1	7.852E-3
5.126E-1	8.153E-3
5.142E-1	8.178E-3
5.155E-1	8.202E-3
5.224E-1	8.309E-3
5.270E-1	8.382E-3
5.279E-1	8.394E-3
5.279E-1	8.394E-3
5.333E-1	8.487E-3
5.345E-1	8.505E-3
5.363E-1	8.532E-3
5.367E-1	8.537E-3
5.380E-1	8.561E-3
5.406E-1	8.602E-3
5.411E-1	8.608E-3
5.423E-1	8.627E-3
5.472E-1	8.707E-3
5.479E-1	8.715E-3
5.479E-1	8.718E-3
5.494E-1	8.740E-3
5.498E-1	8.746E-3
5.518E-1	8.783E-3
5.533E-1	8.803E-3
5.542E-1	8.817E-3
5.547E-1	8.826E-3
5.561E-1	8.848E-3
5.561E-1	8.847E-3
5.565E-1	8.855E-3
5.575E-1	8.872E-3
5.579E-1	8.878E-3
5.592E-1	8.897E-3
5.592E-1	8.897E-3
5.594E-1	8.901E-3
5.605E-1	8.921E-3
5.612E-1	8.928E-3
5.630E-1	8.956E-3
5.636E-1	8.969E-3
5.647E-1	8.984E-3
5.649E-1	8.986E-3
5.830E-1	9.275E-3
5.843E-1	9.294E-3
5.849E-1	9.305E-3
5.849E-1	9.305E-3
5.849E-1	9.305E-3
5.854E-1	9.314E-3
5.862E-1	9.326E-3
5.979E-1	9.563E-3
6.030E-1	9.594E-3
6.030E-1	9.594E-3
6.035E-1	9.603E-3
6.056E-1	9.639E-3
6.062E-1	9.647E-3
6.085E-1	9.684E-3
6.092E-1	9.698E-3
6.098E-1	9.704E-3
6.109E-1	9.724E-3
6.117E-1	9.733E-3
6.117E-1	9.737E-3
6.129E-1	9.754E-3
6.161E-1	9.805E-3
6.161E-1	9.805E-3
6.161E-1	9.804E-3
6.166E-1	9.815E-3
6.178E-1	9.834E-3
6.180E-1	9.837E-3
6.185E-1	9.844E-3
6.194E-1	9.862E-3
6.198E-1	9.868E-3
6.213E-1	9.889E-3
6.268E-1	9.978E-3
6.279E-1	9.993E-3
6.307E-1	1.004E-2
6.311E-1	1.005E-2
6.317E-1	1.006E-2
6.317E-1	1.006E-2
6.329E-1	1.008E-2
6.393E-1	1.018E-2
6.554E-1	1.044E-2
6.729E-1	1.072E-2
6.729E-1	1.072E-2
6.884E-1	1.096E-2
6.884E-1	1.096E-2
6.903E-1	1.099E-2
6.953E-1	1.108E-2
7.003E-1	1.116E-2
7.029E-1	1.120E-2
7.097E-1	1.131E-2
7.166E-1	1.142E-2
7.372E-1	1.175E-2
7.447E-1	1.187E-2
7.522E-1	1.199E-2
7.572E-1	1.207E-2
7.634E-1	1.217E-2
7.694E-1	1.227E-2
7.866E-1	1.255E-2
7.915E-1	1.262E-2
7.996E-1	1.276E-2
8.165E-1	1.302E-2
8.371E-1	1.336E-2
8.479E-1	1.353E-2
8.582E-1	1.370E-2
8.882E-1	1.418E-2
8.958E-1	1.430E-2
9.020E-1	1.440E-2
9.107E-1	1.454E-2
