V (V)	I (A)
4.642E-4	5.375E-6
4.228E-3	1.407E-5
4.226E-3	1.427E-5
4.623E-3	1.522E-5
8.191E-3	2.538E-5
9.083E-3	2.612E-5
1.065E-2	3.059E-5
1.105E-2	3.152E-5
1.105E-2	3.039E-5
1.206E-2	3.541E-5
1.358E-2	3.800E-5
1.383E-2	3.895E-5
1.486E-2	4.200E-5
1.602E-2	4.622E-5
1.738E-2	4.953E-5
1.738E-2	4.920E-5
2.713E-2	1.022E-4
3.535E-2	1.335E-4
3.550E-2	1.344E-4
3.582E-2	1.369E-4
3.613E-2	1.390E-4
3.744E-2	1.481E-4
3.744E-2	1.484E-4
3.883E-2	1.600E-4
4.016E-2	1.717E-4
4.142E-2	1.819E-4
4.239E-2	1.881E-4
4.238E-2	1.874E-4
5.910E-2	4.081E-4
6.056E-2	4.292E-4
6.112E-2	4.380E-4
7.098E-2	7.635E-4
7.738E-2	8.353E-4
7.801E-2	8.542E-4
8.443E-2	1.228E-3
9.409E-2	1.479E-3
9.410E-2	1.485E-3
9.546E-2	1.548E-3
9.599E-2	1.570E-3
9.662E-2	1.613E-3
9.725E-2	1.638E-3
9.805E-2	1.687E-3
9.904E-2	1.724E-3
9.944E-2	1.753E-3
9.967E-2	1.764E-3
1.009E-1	1.824E-3
1.009E-1	1.823E-3
1.017E-1	1.872E-3
1.022E-1	1.891E-3
1.022E-1	1.900E-3
1.028E-1	1.928E-3
1.033E-1	1.964E-3
1.041E-1	1.998E-3
1.046E-1	2.047E-3
1.059E-1	2.108E-3
1.059E-1	2.109E-3
1.065E-1	2.157E-3
1.072E-1	2.184E-3
1.077E-1	2.222E-3
1.079E-1	2.243E-3
1.095E-1	2.330E-3
1.102E-1	2.391E-3
1.117E-1	2.488E-3
1.120E-1	2.501E-3
1.126E-1	2.534E-3
1.126E-1	2.535E-3
1.132E-1	2.589E-3
1.158E-1	2.751E-3
1.161E-1	2.788E-3
1.173E-1	2.866E-3
1.176E-1	2.886E-3
1.176E-1	2.889E-3
1.187E-1	2.982E-3
1.199E-1	3.057E-3
1.212E-1	3.177E-3
1.223E-1	3.254E-3
1.352E-1	4.584E-3
1.391E-1	4.794E-3
1.391E-1	4.794E-3
1.391E-1	4.793E-3
1.404E-1	4.964E-3
1.415E-1	5.060E-3
1.418E-1	5.090E-3
1.422E-1	5.128E-3
1.422E-1	5.135E-3
1.434E-1	5.265E-3
1.434E-1	5.266E-3
1.437E-1	5.310E-3
1.448E-1	5.455E-3
1.463E-1	5.621E-3
1.465E-1	5.623E-3
1.465E-1	5.623E-3
1.471E-1	5.714E-3
1.482E-1	5.825E-3
1.484E-1	5.858E-3
1.488E-1	5.900E-3
1.495E-1	6.008E-3
1.510E-1	6.203E-3
1.519E-1	6.285E-3
1.631E-1	8.328E-3
1.683E-1	8.606E-3
1.695E-1	8.765E-3
1.697E-1	8.813E-3
1.701E-1	8.861E-3
1.725E-1	9.245E-3
1.726E-1	9.248E-3
1.805E-1	1.111E-2
1.885E-1	1.193E-2
1.889E-1	1.197E-2
1.889E-1	1.197E-2
1.889E-1	1.197E-2
1.889E-1	1.197E-2
1.893E-1	1.207E-2
1.906E-1	1.229E-2
1.907E-1	1.229E-2
1.919E-1	1.250E-2
1.923E-1	1.260E-2
1.925E-1	1.261E-2
1.929E-1	1.270E-2
1.940E-1	1.288E-2
1.944E-1	1.294E-2
1.956E-1	1.315E-2
1.958E-1	1.321E-2
1.967E-1	1.335E-2
1.972E-1	1.347E-2
1.985E-1	1.368E-2
1.987E-1	1.371E-2
1.991E-1	1.379E-2
1.997E-1	1.393E-2
2.004E-1	1.400E-2
2.004E-1	1.404E-2
2.016E-1	1.422E-2
2.016E-1	1.422E-2
2.034E-1	1.454E-2
2.036E-1	1.459E-2
2.040E-1	1.465E-2
2.048E-1	1.482E-2
2.053E-1	1.488E-2
2.063E-1	1.505E-2
2.063E-1	1.505E-2
2.065E-1	1.509E-2
2.069E-1	1.515E-2
2.069E-1	1.516E-2
2.069E-1	1.516E-2
2.072E-1	1.524E-2
2.084E-1	1.542E-2
2.087E-1	1.547E-2
2.087E-1	1.549E-2
2.099E-1	1.568E-2
2.102E-1	1.576E-2
2.114E-1	1.593E-2
2.118E-1	1.599E-2
2.131E-1	1.619E-2
2.131E-1	1.619E-2
2.133E-1	1.625E-2
2.144E-1	1.646E-2
2.149E-1	1.650E-2
2.154E-1	1.658E-2
2.156E-1	1.662E-2
2.161E-1	1.668E-2
2.167E-1	1.682E-2
2.173E-1	1.688E-2
2.179E-1	1.696E-2
2.179E-1	1.696E-2
2.186E-1	1.709E-2
2.196E-1	1.723E-2
2.198E-1	1.726E-2
2.210E-1	1.742E-2
2.215E-1	1.751E-2
2.222E-1	1.759E-2
2.227E-1	1.767E-2
2.230E-1	1.771E-2
2.241E-1	1.783E-2
2.241E-1	1.784E-2
2.241E-1	1.784E-2
2.245E-1	1.791E-2
2.257E-1	1.805E-2
2.260E-1	1.811E-2
2.270E-1	1.821E-2
2.273E-1	1.825E-2
2.287E-1	1.842E-2
2.291E-1	1.845E-2
2.300E-1	1.857E-2
2.307E-1	1.862E-2
2.326E-1	1.881E-2
2.327E-1	1.884E-2
2.338E-1	1.892E-2
2.341E-1	1.896E-2
2.344E-1	1.898E-2
2.344E-1	1.899E-2
2.358E-1	1.910E-2
2.368E-1	1.915E-2
2.371E-1	1.917E-2
2.375E-1	1.919E-2
2.387E-1	1.922E-2
2.389E-1	1.923E-2
2.394E-1	1.924E-2
2.394E-1	1.925E-2
2.406E-1	1.927E-2
2.406E-1	1.926E-2
2.414E-1	1.886E-2
2.420E-1	1.866E-2
2.429E-1	1.770E-2
2.444E-1	1.659E-2
2.452E-1	1.590E-2
2.460E-1	1.536E-2
2.464E-1	1.524E-2
2.464E-1	1.524E-2
2.471E-1	1.501E-2
2.482E-1	1.477E-2
2.484E-1	1.474E-2
2.497E-1	1.463E-2
2.499E-1	1.458E-2
2.512E-1	1.439E-2
2.517E-1	1.436E-2
2.517E-1	1.436E-2
2.517E-1	1.436E-2
2.523E-1	1.431E-2
2.534E-1	1.421E-2
2.536E-1	1.419E-2
2.541E-1	1.414E-2
2.552E-1	1.403E-2
2.556E-1	1.402E-2
2.557E-1	1.400E-2
2.573E-1	1.392E-2
2.581E-1	1.388E-2
2.585E-1	1.384E-2
2.587E-1	1.382E-2
2.600E-1	1.371E-2
2.600E-1	1.371E-2
2.603E-1	1.369E-2
2.607E-1	1.368E-2
2.607E-1	1.368E-2
2.619E-1	1.364E-2
2.624E-1	1.362E-2
2.635E-1	1.359E-2
2.639E-1	1.358E-2
2.640E-1	1.356E-2
2.653E-1	1.350E-2
2.658E-1	1.348E-2
2.658E-1	1.348E-2
2.666E-1	1.342E-2
2.681E-1	1.336E-2
2.691E-1	1.333E-2
2.701E-1	1.330E-2
2.720E-1	1.327E-2
2.722E-1	1.325E-2
2.733E-1	1.323E-2
2.733E-1	1.323E-2
2.737E-1	1.321E-2
2.751E-1	1.316E-2
2.752E-1	1.316E-2
2.754E-1	1.315E-2
2.758E-1	1.314E-2
2.766E-1	1.309E-2
2.770E-1	1.308E-2
2.778E-1	1.304E-2
2.789E-1	1.300E-2
2.794E-1	1.296E-2
2.805E-1	1.292E-2
2.808E-1	1.291E-2
2.809E-1	1.290E-2
2.821E-1	1.285E-2
2.884E-1	1.249E-2
2.979E-1	1.213E-2
2.979E-1	1.213E-2
2.979E-1	1.209E-2
2.992E-1	1.187E-2
2.992E-1	1.187E-2
2.998E-1	1.184E-2
3.005E-1	1.181E-2
3.011E-1	1.180E-2
3.024E-1	1.177E-2
3.024E-1	1.177E-2
3.028E-1	1.174E-2
3.041E-1	1.139E-2
3.045E-1	1.104E-2
3.077E-1	8.593E-3
3.087E-1	7.890E-3
3.090E-1	7.602E-3
3.103E-1	7.040E-3
3.103E-1	7.030E-3
3.111E-1	6.686E-3
3.121E-1	6.519E-3
3.124E-1	6.505E-3
3.137E-1	6.493E-3
3.142E-1	6.500E-3
3.148E-1	6.508E-3
3.155E-1	6.515E-3
3.166E-1	6.530E-3
3.175E-1	6.543E-3
3.185E-1	6.560E-3
3.278E-1	6.953E-3
3.351E-1	7.107E-3
3.353E-1	7.105E-3
3.357E-1	7.130E-3
3.369E-1	7.183E-3
3.372E-1	7.199E-3
3.381E-1	7.255E-3
3.384E-1	7.264E-3
3.390E-1	7.293E-3
3.390E-1	7.292E-3
3.390E-1	7.293E-3
3.399E-1	7.346E-3
3.408E-1	7.395E-3
3.411E-1	7.415E-3
3.422E-1	7.463E-3
3.422E-1	7.464E-3
3.429E-1	7.519E-3
3.439E-1	7.565E-3
3.441E-1	7.571E-3
3.443E-1	7.601E-3
3.455E-1	7.664E-3
3.459E-1	7.684E-3
3.472E-1	7.763E-3
3.475E-1	7.794E-3
3.483E-1	7.831E-3
3.486E-1	7.863E-3
3.498E-1	7.955E-3
3.507E-1	7.996E-3
3.510E-1	8.029E-3
3.520E-1	8.079E-3
3.520E-1	8.078E-3
3.680E-1	9.331E-3
3.686E-1	9.377E-3
3.686E-1	9.377E-3
3.691E-1	9.448E-3
3.704E-1	9.552E-3
3.731E-1	9.787E-3
3.735E-1	9.822E-3
3.742E-1	9.903E-3
3.752E-1	9.988E-3
3.754E-1	1.002E-2
3.768E-1	1.016E-2
3.778E-1	1.023E-2
3.786E-1	1.033E-2
3.798E-1	1.044E-2
3.803E-1	1.048E-2
3.810E-1	1.056E-2
3.824E-1	1.073E-2
3.960E-1	1.248E-2
3.982E-1	1.253E-2
3.994E-1	1.266E-2
3.999E-1	1.271E-2
4.006E-1	1.282E-2
4.029E-1	1.310E-2
4.032E-1	1.316E-2
4.044E-1	1.330E-2
4.053E-1	1.343E-2
4.061E-1	1.351E-2
4.061E-1	1.351E-2
4.078E-1	1.374E-2
4.083E-1	1.381E-2
4.093E-1	1.396E-2
4.104E-1	1.414E-2
4.108E-1	1.418E-2
4.116E-1	1.429E-2
4.130E-1	1.449E-2
4.139E-1	1.460E-2
4.154E-1	1.486E-2
4.162E-1	1.496E-2
4.177E-1	1.519E-2
4.188E-1	1.531E-2
4.190E-1	1.537E-2
4.194E-1	1.540E-2
4.203E-1	1.577E-2
4.350E-1	1.805E-2
4.361E-1	1.816E-2
4.374E-1	1.841E-2
4.381E-1	1.848E-2
4.399E-1	1.881E-2
4.441E-1	1.967E-2
4.554E-1	2.180E-2
4.637E-1	2.391E-2
4.712E-1	2.511E-2
4.850E-1	2.866E-2
4.868E-1	2.874E-2
4.880E-1	2.901E-2
5.038E-1	3.295E-2
5.038E-1	3.335E-2
5.187E-1	3.693E-2
5.187E-1	3.693E-2
5.192E-1	3.713E-2
5.199E-1	3.726E-2
5.215E-1	3.770E-2
5.218E-1	3.783E-2
5.230E-1	3.812E-2
5.234E-1	3.819E-2
5.234E-1	3.819E-2
5.369E-1	4.262E-2
5.389E-1	4.268E-2
5.398E-1	4.289E-2
5.411E-1	4.334E-2
5.421E-1	4.361E-2
5.423E-1	4.366E-2
5.435E-1	4.403E-2
5.440E-1	4.414E-2
5.507E-1	4.712E-2
5.593E-1	4.876E-2
5.719E-1	5.362E-2
5.747E-1	5.368E-2
5.756E-1	5.396E-2
5.764E-1	5.419E-2
5.764E-1	5.420E-2
5.769E-1	5.437E-2
5.770E-1	5.439E-2
5.770E-1	5.433E-2
5.770E-1	5.433E-2
5.926E-1	5.950E-2
5.928E-1	5.959E-2
5.944E-1	6.012E-2
5.952E-1	6.033E-2
5.955E-1	6.048E-2
5.957E-1	6.052E-2
5.960E-1	6.067E-2
5.967E-1	6.085E-2
5.973E-1	6.109E-2
5.985E-1	6.155E-2
5.997E-1	6.187E-2
6.003E-1	6.207E-2
6.011E-1	6.242E-2
6.015E-1	6.250E-2
6.032E-1	6.309E-2
6.036E-1	6.330E-2
6.047E-1	6.365E-2
6.051E-1	6.376E-2
6.061E-1	6.408E-2
6.063E-1	6.417E-2
6.073E-1	6.457E-2
6.089E-1	6.514E-2
6.097E-1	6.532E-2
6.100E-1	6.545E-2
6.112E-1	6.587E-2
6.123E-1	6.634E-2
6.137E-1	6.678E-2
6.144E-1	6.697E-2
6.148E-1	6.718E-2
6.158E-1	6.751E-2
6.169E-1	6.797E-2
6.173E-1	6.805E-2
6.185E-1	6.847E-2
6.190E-1	6.860E-2
6.190E-1	6.860E-2
6.198E-1	6.897E-2
6.347E-1	7.441E-2
6.359E-1	7.479E-2
6.364E-1	7.491E-2
6.364E-1	7.491E-2
6.373E-1	7.534E-2
6.376E-1	7.543E-2
6.388E-1	7.587E-2
6.393E-1	7.600E-2
6.405E-1	7.645E-2
6.410E-1	7.670E-2
6.422E-1	7.710E-2
6.425E-1	7.724E-2
6.436E-1	7.763E-2
6.446E-1	7.806E-2
6.457E-1	7.846E-2
6.468E-1	7.882E-2
6.468E-1	7.882E-2
6.474E-1	7.911E-2
6.484E-1	7.946E-2
6.496E-1	7.995E-2
6.504E-1	8.016E-2
6.504E-1	8.016E-2
6.508E-1	8.042E-2
6.521E-1	8.086E-2
6.531E-1	8.121E-2
6.534E-1	8.134E-2
6.545E-1	8.176E-2
6.554E-1	8.217E-2
6.650E-1	8.659E-2
6.710E-1	8.815E-2
6.719E-1	8.856E-2
6.730E-1	8.893E-2
6.739E-1	8.933E-2
6.745E-1	8.953E-2
6.745E-1	9.061E-2
6.895E-1	9.561E-2
6.904E-1	9.593E-2
6.918E-1	9.647E-2
6.927E-1	9.690E-2
6.935E-1	9.727E-2
6.949E-1	9.785E-2
6.959E-1	9.815E-2
6.961E-1	9.828E-2
6.965E-1	9.838E-2
6.965E-1	9.843E-2
6.989E-1	1.001E-1
7.122E-1	1.050E-1
7.128E-1	1.051E-1
7.111E-1	1.044E-1
7.111E-1	1.045E-1
7.112E-1	1.045E-1
7.112E-1	1.045E-1
7.111E-1	1.044E-1
7.111E-1	1.044E-1
7.111E-1	1.044E-1
7.111E-1	1.044E-1
7.111E-1	1.044E-1
7.111E-1	1.044E-1
7.111E-1	1.044E-1
7.112E-1	1.044E-1
7.111E-1	1.044E-1
7.112E-1	1.045E-1
7.112E-1	1.045E-1
7.112E-1	1.045E-1
7.112E-1	1.044E-1
7.112E-1	1.044E-1
7.112E-1	1.045E-1
